%AN 'L'
target_points = [
    0.00 0.1698 0.3059 10 0 0 5;
    0.00 0.1718 0.1945 10 0 0 5;
    0.00 0.1718 0.1945 10 0 0 5;
    0.00 0.2300 0.1945 10 0 0 5;
    0.00 0.1718 0.1945 10 0 0 5;
    0.00 0.1718 0.1945 10 0 0 5;
    0.00 0.1698 0.3059 10 0 0 5;
%     0.00 0.1698 0.2859 10 0 0 10;
    % Add more target points as needed
];

%triangle x-z plane
target_points = [
    0.00 0.1698 0.3059 10 0 0 8;
    0.15 0.1718 0.1945 10 0 0 8;
    -0.15 0.1718 0.1945 10 0 0 8;
    0.0 0.1718 0.3059 10 0 0 8;
%     0.00 0.1718 0.1945 0 0 0 5;
%     0.00 0.1698 0.3059 0 0 0 5;
%     0.00 0.1698 0.2859 10 0 0 10;
    % Add more target points as needed
];

%bi planar triangle
target_points = [
    0.00 0.1698 0.3059 10 0 0 8;
    0.0 0.10 0.10 10 0 0 8;
    0.20 0.0 0.10 10 0 0 8;
    0.0 0.1698 0.3059 10 0 0 8;
%     0.00 0.1718 0.1945 0 0 0 5;
%     0.00 0.1698 0.3059 0 0 0 5;
%     0.00 0.1698 0.2859 10 0 0 10;
    % Add more target points as needed
];